9     10   11   9.5   10.2   9.8   10   8.7   9.3    9.1   9     8.9

4     5     5     4      6        5      4     3      4       5      5     4

8     11   10   8.5   10.7   9     11    8.5    9.4   9      10   9.9

5     5     5     5      5        5      5     5      5       5      5     5

9     9     9     9      9        9      9     9      9       9      9     9

4     5     5     4      6        5      4     3      4       5      5     4

8     9    10    8.5   9.2    8.8    9     7.7    8.3   8.1   8     7.9

7     4     6        6      6        5      6       6    6       6      5     6

10   11   12   10   11.2   9      11    9.7   9       9.1   10   9.9

6     5     6     6      6        5      6     6      6       6      5     6 

10   9     11.2   9.5   10.8   9     10.3   8    9.3    9.1   9     8.9

5     4     5        4      6        5      4       3    4       5      5     4

9     10   10.4   8.5   10.2   9.2   11.1  8    9.4    9      10   9.9

6     4     5        5      5        5      5       5    5       5      5     5

10   8     9.6     9      9.6     9.7   9       9    9.7    8      10   9

5     4     5        4      6        5      4       3    4       5      5     4

9     8    10.8    8.5   9.5     8      9.5    7    8.3    8.1   8.8  9

5     4     5        4      6        5      4       3    4       5      5     4

11   10   11     10    11.3    9.4   11     9    9.5    8      10   7

4     5     5     4      6        5      4     3      4       5      5     4 
